"qoptimal_SMLE" "qoptimal_SMLE_C" "qoptimal_MDPDE" "qoptimal_MDPDE_C"
1 0.96 1 0.96
1 0.94 1 0.94
1 0.96 1 0.94
1 0.96 1 0.96
1 0.94 1 0.94
1 0.96 1 0.96
1 1 1 1
1 0.96 1 0.96
1 0.94 1 1
1 0.94 1 0.94
1 0.94 1 0.94
1 0.96 1 0.96
1 0.94 1 0.94
1 0.94 1 0.94
1 0.94 1 0.94
1 0.96 1 0.96
1 0.94 1 0.94
1 0.94 1 0.92
1 0.94 1 0.94
1 0.94 1 0.94
1 0.94 1 0.94
1 0.94 1 0.94
1 0.96 1 0.96
1 0.94 1 0.94
1 0.94 1 0.94
1 0.92 1 0.92
1 0.96 1 0.96
1 0.94 1 0.94
1 0.94 1 0.94
1 0.94 1 0.94
1 0.96 1 0.96
1 0.96 1 0.94
1 0.96 1 0.96
1 0.94 1 0.94
1 0.96 1 0.96
1 0.94 1 0.94
1 0.94 1 0.94
1 0.94 1 0.94
1 0.94 1 0.94
1 0.96 1 0.94
1 0.96 1 0.96
1 0.94 1 0.94
1 0.94 1 0.94
1 0.96 1 0.96
1 0.96 1 0.96
1 0.94 1 0.94
1 0.96 1 0.96
1 0.94 1 0.94
1 0.94 1 0.94
1 0.92 1 0.9
1 0.94 1 0.94
1 0.94 1 0.94
1 0.94 1 0.94
1 0.94 1 0.94
1 0.94 1 0.94
1 0.94 1 0.94
1 0.94 1 0.94
1 0.96 1 0.96
1 0.94 1 0.94
1 0.96 1 0.96
1 0.96 1 0.94
1 0.92 1 0.9
1 0.94 1 0.94
1 0.94 1 1
1 0.96 1 0.96
1 0.96 1 0.94
1 0.94 1 0.94
1 0.94 1 0.94
1 0.94 1 0.94
1 0.94 1 0.94
1 0.94 1 0.94
1 0.96 1 0.96
1 0.96 1 0.94
1 0.96 1 0.94
1 0.96 1 0.96
1 0.94 1 0.94
1 0.94 1 0.94
1 0.96 1 0.96
1 0.96 1 0.96
1 0.94 1 0.94
1 0.96 1 0.96
1 0.94 1 0.94
1 0.78 1 0.74
1 0.94 1 0.94
1 0.94 1 0.94
1 0.96 1 0.96
1 0.94 1 0.94
1 0.94 1 0.94
1 0.96 1 0.94
1 0.94 1 0.94
1 0.96 1 0.94
1 0.94 1 0.94
1 0.94 1 0.94
1 0.94 1 0.94
1 0.94 1 0.94
1 0.96 1 0.96
1 0.94 1 0.94
1 0.94 1 0.94
1 0.94 1 0.94
1 0.96 1 0.96
1 0.96 1 0.96
1 0.96 1 0.96
1 0.94 1 0.94
1 0.96 1 0.96
1 0.94 1 0.94
1 0.96 1 0.96
1 0.96 1 0.96
1 0.96 1 0.96
1 0.92 1 1
1 0.96 1 0.96
1 0.96 1 0.96
1 0.94 1 0.94
1 0.94 1 0.94
1 0.96 1 0.94
1 0.92 1 0.9
1 0.96 1 0.94
1 0.94 1 0.94
1 0.96 1 0.96
1 0.94 1 0.94
1 0.94 1 0.94
1 0.94 1 0.94
1 0.94 1 0.94
1 0.96 1 0.96
1 0.94 1 0.94
1 0.94 1 0.94
1 0.94 1 0.94
1 0.94 1 0.94
1 0.94 1 0.94
1 0.94 1 0.94
1 0.96 1 0.96
1 0.94 1 1
1 0.96 1 0.96
1 0.94 1 0.94
1 0.96 1 0.94
1 0.94 1 0.94
1 0.96 1 0.96
1 0.94 1 0.94
1 0.96 1 0.96
1 0.94 1 0.94
1 0.94 1 0.92
1 0.94 1 0.94
1 0.94 1 0.94
1 0.96 1 0.94
1 0.94 1 0.94
1 0.94 1 0.92
1 0.96 1 0.96
1 0.96 1 0.96
1 0.96 1 0.94
1 0.94 1 0.94
1 0.94 1 0.94
1 0.94 1 0.94
1 1 1 1
1 0.94 1 0.92
1 0.94 1 0.94
1 0.92 1 0.92
1 0.96 1 0.96
1 0.96 1 0.94
1 0.94 1 0.94
1 0.94 1 0.94
1 0.96 1 0.96
1 0.94 1 0.94
1 0.9 1 0.9
1 0.94 1 0.94
1 0.94 1 0.94
1 0.94 1 0.94
1 0.94 1 0.94
1 0.94 1 0.94
1 0.94 1 0.94
1 0.94 1 0.94
1 0.94 1 0.94
1 0.94 1 0.94
1 0.96 1 0.96
1 0.96 1 0.94
1 0.96 1 0.96
1 0.94 1 0.94
1 0.96 1 0.96
1 0.94 1 0.94
1 0.96 1 0.96
1 0.96 1 0.96
1 0.94 1 0.92
1 0.92 1 0.92
1 0.96 1 0.96
0.94 0.96 1 0.96
1 0.94 1 0.94
1 0.94 1 0.94
1 0.94 1 0.92
1 0.94 1 0.92
1 0.96 1 0.94
1 0.94 1 0.94
1 0.94 1 0.94
1 0.96 1 0.96
1 0.94 1 0.94
1 0.96 1 0.96
1 0.96 1 0.96
1 0.94 1 0.94
1 0.96 1 0.96
1 0.94 1 0.94
1 0.96 1 0.96
1 0.96 1 0.96
1 0.94 1 0.94
1 0.94 1 0.94
1 0.94 1 0.94
1 0.96 1 0.96
1 0.94 1 0.94
1 0.94 1 0.94
1 0.94 1 0.94
1 0.94 1 0.94
1 0.94 1 0.94
1 1 1 1
1 0.96 1 0.96
1 0.96 1 0.96
1 0.96 1 0.96
1 0.94 1 0.94
1 0.94 1 0.94
1 0.94 1 0.94
1 0.94 1 0.94
1 0.94 1 0.92
1 0.96 1 0.96
1 0.94 1 0.94
1 0.96 1 0.96
1 0.96 1 0.96
1 0.94 1 0.94
1 0.94 1 0.94
1 0.96 1 0.96
1 0.96 1 0.96
1 0.94 1 0.94
1 0.96 1 0.94
1 0.94 1 0.94
1 0.94 1 0.94
1 0.96 1 0.96
1 0.96 1 0.96
1 0.94 1 0.94
1 0.96 1 0.96
1 0.94 1 0.94
1 0.94 1 0.94
1 0.94 1 0.94
1 0.94 1 0.94
1 0.94 1 0.94
1 0.94 1 0.94
1 0.96 1 0.94
1 0.94 1 0.94
1 0.94 1 0.94
1 0.94 1 0.94
1 0.94 1 0.94
1 0.96 1 0.96
1 0.96 1 0.96
1 0.96 1 0.96
1 0.94 1 0.94
1 0.94 1 0.94
1 0.94 1 0.94
1 0.94 1 0.94
1 0.96 1 0.94
1 0.96 1 0.96
1 1 1 1
1 0.96 1 0.96
1 0.94 1 0.94
1 0.94 1 0.94
1 0.94 1 0.94
1 0.94 1 0.94
1 0.94 1 0.94
1 0.94 1 0.94
1 0.94 1 0.94
1 0.94 1 0.94
1 0.94 1 1
1 0.94 1 0.94
1 0.94 1 0.94
1 0.94 1 0.94
1 0.96 1 0.94
1 0.94 1 0.94
1 0.94 1 0.94
1 0.96 1 0.96
1 0.96 1 0.96
1 0.78 1 0.96
1 0.94 1 0.94
1 0.94 1 0.94
1 0.94 1 0.94
1 0.84 1 0.94
1 0.96 1 0.96
1 0.94 1 0.94
1 0.94 1 0.94
1 0.94 1 0.94
1 1 1 1
1 0.94 1 0.94
1 0.94 1 0.94
1 0.96 1 0.96
1 0.94 1 0.94
1 0.94 1 0.94
1 0.94 1 0.94
1 0.96 1 0.96
1 0.94 1 0.94
1 0.96 1 0.96
1 0.94 1 0.94
1 0.96 1 0.96
1 0.94 1 0.94
1 0.9 1 0.9
1 0.96 1 0.96
1 0.94 1 0.94
1 0.96 1 0.96
1 0.96 1 0.96
1 0.94 1 0.92
1 0.96 1 0.94
1 0.94 1 0.94
1 0.96 1 0.94
1 0.94 1 0.94
1 0.94 1 0.94
1 0.96 1 0.96
1 0.94 1 0.94
1 0.94 1 0.94
1 0.94 1 0.94
1 0.94 1 0.94
1 0.94 1 0.94
1 0.94 1 0.94
1 0.94 1 1
1 0.94 1 0.94
1 0.96 1 0.96
1 0.96 1 0.96
1 0.96 1 0.96
1 0.94 1 0.94
1 0.94 1 0.94
1 0.94 1 0.94
1 0.94 1 0.94
1 0.96 1 0.94
1 0.96 1 0.94
1 0.96 1 0.96
1 0.96 1 0.96
1 0.94 1 0.94
1 0.96 1 0.96
1 0.94 1 0.94
1 0.96 1 0.96
1 0.94 1 0.94
1 0.94 1 0.94
1 0.96 1 0.96
1 0.96 1 0.94
1 0.96 1 0.96
1 0.96 1 0.96
1 0.96 1 0.96
1 0.96 1 0.96
1 0.96 1 0.96
1 0.94 1 0.94
1 0.96 1 0.96
1 0.96 1 0.94
1 0.94 1 0.94
1 0.94 1 0.94
1 0.94 1 0.94
1 0.94 1 0.94
1 0.94 1 0.94
1 0.92 1 0.92
1 0.94 1 0.94
1 0.94 1 0.94
1 0.94 1 0.94
1 0.96 1 0.96
1 0.94 1 1
1 0.94 1 0.94
1 0.94 1 0.92
1 0.94 1 0.94
1 0.96 1 0.94
1 0.9 1 0.9
1 0.94 1 0.94
1 0.96 1 0.96
1 0.94 1 0.94
1 0.96 1 0.96
1 0.94 1 0.94
1 0.96 1 0.94
1 0.96 1 0.96
1 0.92 1 0.92
1 0.96 1 0.96
1 0.96 1 0.96
1 0.94 1 0.94
1 0.96 1 0.94
1 0.94 1 0.94
1 0.96 1 0.96
1 0.94 0.96 0.92
1 0.94 1 0.94
1 0.96 1 0.96
1 0.94 1 0.94
1 0.96 1 0.96
1 0.94 1 0.94
1 0.94 1 0.94
1 0.94 1 0.94
1 0.94 1 0.94
1 0.96 1 0.96
1 0.96 1 0.94
1 0.94 1 0.94
1 0.94 1 0.94
1 0.94 1 0.94
1 0.92 1 0.9
1 0.94 1 0.94
1 0.96 1 0.96
1 0.92 1 0.9
1 0.96 1 0.96
1 0.96 1 0.96
1 0.96 1 0.96
1 0.94 1 0.94
1 0.94 1 0.94
1 0.94 1 0.94
1 0.96 1 0.94
1 0.96 1 0.96
1 0.94 1 0.94
1 0.96 1 0.96
1 0.94 1 0.94
1 0.96 1 0.96
1 0.94 1 0.94
1 0.94 1 0.94
1 0.94 1 1
1 0.96 1 0.96
1 0.94 1 0.94
1 0.94 1 0.94
1 0.94 1 0.94
1 0.96 1 0.96
1 0.92 1 0.92
1 0.94 1 0.94
1 0.96 1 0.96
1 0.94 1 0.94
1 0.94 1 0.94
1 0.92 1 0.92
1 0.96 1 0.96
1 0.96 1 0.94
1 0.94 1 0.94
1 0.96 1 0.96
1 0.94 1 0.94
1 0.94 1 0.94
1 0.96 1 0.94
1 0.94 1 0.94
1 0.96 1 0.96
1 0.94 1 0.94
1 0.94 1 0.94
1 0.9 1 0.88
1 0.96 1 0.96
1 0.96 1 0.96
1 0.94 1 0.94
1 0.94 1 0.94
1 0.94 1 0.94
1 0.92 1 0.92
1 0.94 1 0.92
1 0.94 1 0.94
1 0.94 1 0.94
1 0.94 1 0.94
1 0.94 1 0.94
1 0.96 1 0.96
1 0.96 1 0.96
1 0.94 1 0.94
1 0.94 1 0.92
1 0.94 1 0.94
1 0.96 1 0.94
1 0.94 1 0.94
1 0.96 1 0.94
1 0.9 1 0.9
1 0.94 1 0.94
1 0.94 1 0.94
1 0.94 1 0.94
1 0.94 1 0.94
1 0.94 1 0.94
1 0.96 1 0.96
1 0.96 1 0.96
1 0.94 1 0.94
1 0.94 1 0.94
1 0.96 1 0.96
1 0.94 1 0.94
1 0.94 1 0.94
1 0.94 1 0.94
1 0.94 1 0.94
1 0.96 1 0.96
1 0.94 1 0.94
1 0.96 1 0.94
1 0.96 1 0.96
1 0.96 1 0.96
1 0.94 1 0.94
1 0.96 1 0.96
1 0.94 1 0.94
1 0.94 1 0.94
1 0.96 1 0.96
1 0.96 1 0.96
1 0.94 1 0.94
1 0.94 1 0.94
1 0.94 1 0.92
1 0.96 1 0.96
1 0.94 1 0.94
1 0.96 1 0.96
1 0.96 1 0.96
1 0.96 1 0.94
1 0.94 1 0.94
1 0.94 1 0.92
1 0.92 1 0.9
1 0.94 1 0.94
1 0.94 1 0.94
1 0.96 1 0.96
1 0.94 1 0.94
1 0.92 1 0.92
1 0.94 1 0.94
1 0.96 1 0.96
1 0.94 1 0.94
1 0.92 1 0.92
1 0.96 1 0.94
1 0.94 1 0.94
1 0.94 1 0.94
1 0.92 1 0.92
1 0.94 1 0.94
1 0.94 1 0.94
1 0.94 1 0.94
1 0.96 1 0.94
1 0.94 1 0.94
1 0.94 1 0.94
1 0.94 1 0.94
1 0.94 1 0.94
1 0.94 1 0.94
1 0.96 1 0.96
1 0.94 1 0.94
1 0.94 1 0.94
1 0.96 1 0.96
1 0.92 1 0.9
1 0.96 1 0.96
1 0.94 1 0.94
1 0.94 1 0.94
1 0.94 1 0.94
1 0.94 1 0.94
1 0.96 1 0.96
1 0.96 1 0.96
1 0.94 1 0.94
1 0.96 1 0.96
1 0.94 1 0.94
1 0.96 1 0.96
1 0.94 1 0.94
1 0.94 1 0.94
1 0.94 1 0.94
1 0.94 1 0.94
1 0.96 1 0.96
1 0.94 1 0.94
1 0.94 1 0.94
1 0.94 1 0.94
1 0.94 1 0.94
1 0.96 1 0.94
1 0.96 1 0.96
1 0.94 1 0.94
1 0.96 1 0.96
1 0.94 1 0.94
1 0.94 1 0.94
1 0.94 1 0.94
1 0.94 1 0.94
1 0.94 1 0.94
1 0.96 1 0.96
1 0.96 1 0.96
1 0.94 1 0.94
1 0.94 1 0.94
1 0.96 1 0.96
1 0.94 1 0.94
1 0.96 1 0.96
1 0.96 1 0.96
1 0.94 1 0.94
1 0.94 1 0.94
1 0.96 1 0.96
1 0.96 1 0.96
1 0.88 1 0.86
1 0.94 1 0.94
1 0.96 1 0.96
1 0.96 1 0.96
1 0.96 1 0.96
1 0.94 1 0.94
1 0.94 1 0.94
1 0.94 1 0.94
1 0.92 1 0.92
1 0.94 1 1
1 0.94 1 0.94
1 0.96 1 0.96
1 0.94 1 0.94
1 0.94 1 0.94
1 0.96 1 0.96
1 0.94 1 0.94
1 0.94 1 0.94
1 0.94 1 0.94
1 0.94 1 0.94
1 0.96 1 0.96
1 0.92 1 0.9
1 0.94 1 0.94
1 0.96 1 0.96
1 0.88 1 0.88
1 0.96 1 0.96
1 0.96 1 0.96
1 0.96 1 0.96
1 0.96 1 0.96
1 0.94 1 0.92
1 0.94 1 0.94
1 0.96 1 0.96
1 0.94 1 0.94
1 0.96 1 0.96
1 0.96 1 0.96
1 0.94 1 0.94
1 0.94 1 0.94
1 0.94 1 0.94
1 0.94 1 0.94
1 0.96 1 0.96
1 0.94 1 0.94
1 0.96 1 0.96
1 0.96 1 0.94
1 0.96 1 0.96
1 0.96 1 0.96
1 0.94 1 0.94
1 0.96 1 0.96
1 0.96 1 0.96
1 0.96 1 0.96
1 0.94 1 0.94
1 0.96 1 0.96
1 0.96 1 0.96
1 0.94 1 0.94
1 0.94 1 0.94
1 0.94 1 0.94
1 0.94 1 0.94
1 1 1 1
1 0.94 1 0.94
1 0.96 1 0.96
1 0.94 1 0.94
1 0.94 1 0.94
1 0.94 1 1
1 0.96 1 0.94
1 0.94 1 0.94
1 0.96 1 0.96
1 0.96 1 0.96
1 0.96 1 0.96
1 0.96 1 0.96
1 0.94 1 1
1 0.96 1 0.96
1 0.94 1 0.94
1 0.94 1 0.94
1 0.94 1 0.94
1 0.96 1 0.96
1 0.96 1 0.96
1 0.96 1 0.96
1 0.96 1 0.94
1 0.92 1 0.92
1 0.96 1 0.96
1 0.94 1 0.94
1 0.94 1 0.94
1 0.96 1 0.94
1 0.94 1 0.92
1 0.94 1 0.94
1 1 1 1
1 0.94 1 0.94
1 0.96 1 0.96
1 0.92 1 0.92
1 0.94 1 0.94
1 0.96 1 0.96
1 0.94 1 0.94
1 0.96 1 0.96
1 0.94 1 0.94
1 0.94 1 0.94
1 1 1 1
1 0.94 1 0.94
1 0.96 1 0.96
1 0.96 1 0.96
1 0.96 1 0.96
1 0.94 1 0.94
1 0.96 1 0.96
1 0.94 1 0.92
1 0.94 1 0.94
1 0.94 1 0.94
1 0.96 1 0.94
1 0.94 1 0.94
1 0.94 1 0.94
1 0.96 1 0.94
1 0.94 1 0.94
1 0.96 1 0.96
1 0.96 1 0.96
1 0.94 1 0.94
1 0.94 1 0.94
1 0.94 1 0.94
1 0.94 1 0.94
1 0.96 1 0.96
1 0.94 1 0.94
1 0.96 1 0.96
1 0.94 1 0.94
1 0.94 1 0.94
1 0.94 1 0.94
1 0.96 1 0.96
1 0.94 1 0.94
1 0.94 1 0.94
1 0.96 1 0.96
1 0.94 1 0.94
1 0.94 1 0.94
1 0.94 1 0.94
1 0.94 1 0.94
1 0.94 1 0.94
1 0.96 1 0.96
1 0.96 1 0.94
1 0.96 1 0.96
1 0.94 1 1
1 0.94 1 0.94
1 0.94 1 0.94
1 0.96 1 0.94
1 0.96 1 0.96
1 0.92 1 0.92
1 0.92 1 0.92
1 0.96 1 0.96
1 0.96 1 0.96
1 0.94 1 0.94
1 0.96 1 0.96
1 0.94 1 0.94
1 0.94 1 0.94
1 0.96 1 0.96
1 0.96 1 0.96
1 0.94 1 0.94
1 0.94 1 0.94
1 0.96 1 0.96
1 1 1 1
1 0.94 1 0.94
1 0.94 1 0.94
1 0.94 1 0.94
1 0.96 1 0.96
1 0.96 1 0.96
1 0.94 1 0.92
1 0.94 1 0.94
1 0.96 1 0.96
1 0.94 1 0.94
1 0.96 1 0.96
1 0.94 1 0.94
1 0.94 1 0.94
1 0.96 1 0.96
1 0.94 1 0.94
1 0.94 1 0.94
1 0.94 1 0.94
1 0.94 1 1
1 0.94 1 0.94
1 0.94 1 0.94
1 0.96 1 0.96
1 0.94 1 0.94
1 0.96 1 0.96
1 0.96 1 0.96
1 0.96 1 0.96
1 0.94 1 0.94
1 0.94 1 0.92
1 0.96 1 0.96
1 0.96 1 0.96
1 0.96 1 0.96
1 0.96 1 0.96
1 0.94 1 0.94
1 0.94 1 0.94
1 0.92 1 0.92
1 0.96 1 0.96
1 0.94 1 0.94
1 0.96 1 0.96
1 0.94 1 0.94
1 0.94 1 0.92
1 0.94 1 0.94
1 0.96 1 0.96
1 0.94 1 0.94
1 0.92 1 0.92
1 0.94 1 0.94
1 0.94 1 0.94
1 0.94 1 0.94
1 0.94 1 0.94
1 0.94 1 0.94
1 0.94 1 0.94
1 0.94 1 0.94
1 0.94 1 0.94
1 0.94 1 0.94
1 0.92 1 0.92
1 0.94 1 0.94
1 0.96 1 0.96
1 0.96 1 0.94
1 0.94 1 0.94
1 1 1 1
1 0.96 1 0.96
1 0.94 1 0.94
1 0.94 1 0.94
1 0.94 1 0.94
1 0.96 1 0.96
1 0.92 1 0.92
1 0.94 1 0.94
1 0.94 1 0.94
1 0.94 1 0.92
1 0.94 1 0.94
1 0.94 1 0.94
1 0.94 1 0.94
1 0.94 1 0.94
1 0.96 1 0.96
1 0.94 1 0.94
1 0.94 1 0.94
1 0.94 1 0.94
1 0.96 1 0.96
1 0.96 1 0.96
1 0.94 1 0.94
1 0.94 1 0.94
1 0.94 1 0.94
1 0.78 1 0.94
1 0.92 1 0.92
1 0.96 1 0.96
1 0.94 1 0.94
1 0.96 1 0.96
1 0.94 1 0.94
1 0.94 1 0.94
1 0.96 1 0.96
1 0.94 1 0.94
1 0.94 1 0.94
1 0.94 1 0.94
1 0.94 1 0.94
1 0.94 1 0.94
1 0.94 1 0.94
1 0.94 1 0.94
1 0.94 1 0.94
1 0.94 1 0.94
1 0.94 1 0.94
1 0.94 1 0.94
1 0.96 1 0.96
1 0.94 1 0.94
1 0.96 1 0.94
1 0.94 1 0.94
1 0.94 1 0.94
1 0.96 1 0.94
1 0.94 1 1
1 0.94 1 1
1 0.96 1 0.96
1 0.94 1 0.94
1 0.96 1 0.96
1 0.92 1 0.92
1 0.94 1 0.94
1 0.92 1 0.92
1 0.94 1 0.94
1 0.96 1 0.96
1 0.96 1 0.96
1 0.94 1 0.94
1 0.94 1 0.94
1 0.96 1 0.96
1 0.96 1 0.96
1 0.94 1 0.94
1 0.94 1 0.94
1 0.94 1 0.94
1 0.94 1 0.94
1 0.94 1 0.94
1 0.94 1 0.94
1 0.94 1 0.94
1 0.94 1 0.94
1 0.94 1 0.94
1 0.94 1 0.94
1 0.94 1 0.94
1 0.96 1 0.94
1 0.96 1 0.96
1 0.94 1 0.94
1 0.94 1 0.92
1 0.94 1 0.94
1 0.94 1 0.94
1 0.96 1 0.94
1 0.94 1 0.94
1 0.94 1 0.94
1 0.94 1 0.94
1 0.94 1 0.94
1 0.9 1 0.9
1 0.96 1 0.96
1 0.94 1 0.92
1 0.94 1 0.94
1 0.94 1 0.94
1 0.94 1 0.94
1 0.94 1 0.94
1 0.92 1 1
1 0.94 1 0.94
1 0.94 1 0.94
1 0.94 1 0.94
1 0.94 1 0.94
1 0.96 1 0.96
1 0.94 1 0.94
1 0.94 1 0.94
1 0.96 1 0.96
1 0.94 1 0.94
1 0.96 1 0.96
1 0.96 1 0.96
1 0.9 1 0.9
1 0.94 1 0.94
1 0.96 1 0.96
1 0.96 1 0.96
1 0.96 1 0.96
1 0.94 1 0.94
1 0.96 1 0.96
1 0.96 1 0.96
1 0.96 1 0.96
1 0.96 1 0.96
1 0.94 1 0.94
1 0.96 1 0.94
1 0.92 1 0.92
1 0.94 1 0.94
1 0.94 1 0.94
1 0.94 1 0.94
1 0.96 1 0.96
1 0.96 1 0.94
1 0.96 1 0.96
1 0.96 1 0.96
1 0.92 1 0.92
1 0.96 1 0.96
1 0.94 1 0.94
1 0.94 1 0.92
1 0.96 1 0.96
1 0.94 1 0.94
1 0.94 1 0.94
1 0.94 1 0.94
1 0.94 1 0.94
1 0.94 1 0.94
1 0.94 1 0.94
1 0.96 1 0.96
1 0.96 1 0.94
1 0.96 1 0.96
1 0.96 1 0.96
1 0.94 1 0.94
1 0.96 1 0.96
1 0.94 1 0.94
1 0.96 1 0.96
1 0.92 1 0.92
1 0.96 1 0.94
1 0.94 1 0.94
1 0.94 1 0.94
1 0.92 1 0.92
1 0.96 1 0.96
1 0.92 1 0.92
1 0.96 1 0.96
1 0.96 1 0.96
1 0.94 1 0.94
1 0.96 1 0.96
1 0.94 1 0.94
1 0.94 1 1
1 0.94 1 0.94
1 0.94 1 0.94
1 0.96 1 0.96
1 0.94 1 0.94
1 0.96 1 0.96
1 0.94 1 0.94
1 0.94 1 0.94
1 0.96 1 0.96
1 0.96 1 0.94
1 0.94 1 0.94
1 0.94 1 0.94
1 0.94 1 0.94
1 0.96 1 0.96
1 0.96 1 0.96
1 0.94 1 0.94
1 0.96 1 0.96
1 0.92 1 0.92
1 0.94 1 0.94
1 0.94 1 0.94
1 0.94 1 0.94
1 0.94 1 0.94
1 0.94 1 0.94
1 0.92 1 0.92
1 0.92 1 0.92
1 0.96 1 0.96
1 0.94 1 0.94
1 0.94 1 0.94
1 0.96 1 0.96
1 0.96 1 0.96
1 0.96 1 0.94
1 0.94 1 0.94
1 0.92 1 0.92
1 0.96 1 0.96
1 0.96 1 0.96
1 0.96 1 0.94
1 1 1 1
1 0.96 1 0.96
1 0.96 1 0.96
1 0.96 1 0.96
1 0.94 1 0.94
1 0.96 1 0.96
1 0.94 1 0.94
1 0.96 1 0.96
1 0.94 1 0.94
1 1 1 1
1 0.96 1 0.94
1 0.94 1 0.94
1 0.96 1 0.96
1 0.96 1 0.96
1 0.94 1 0.94
1 0.94 1 0.94
1 0.96 1 0.96
1 0.94 1 0.94
1 0.94 1 0.94
1 0.94 1 0.94
1 0.94 1 0.94
1 0.94 1 0.94
1 0.94 1 0.94
1 0.94 1 0.94
1 0.94 1 0.94
1 0.96 1 0.96
1 0.94 1 0.94
1 0.94 1 0.94
1 0.96 1 0.94
1 0.92 1 0.92
1 0.96 1 0.96
1 1 1 1
1 0.94 1 0.94
1 0.96 1 0.96
1 0.94 1 0.94
1 0.94 1 0.94
1 0.94 1 0.94
1 0.96 1 0.96
1 0.94 1 0.94
1 0.94 1 0.92
1 0.94 1 0.94
1 0.94 1 0.94
1 0.94 1 0.94
1 0.94 1 0.94
1 0.94 1 0.94
1 0.96 1 0.96
1 0.94 1 0.94
1 0.94 1 0.94
1 0.94 1 0.94
1 0.96 1 0.96
1 0.94 1 0.94
