"qoptimal_SMLE" "qoptimal_SMLE_C" "qoptimal_MDPDE" "qoptimal_MDPDE_C"
1 0.9 1 0.88
1 0.92 1 0.9
1 0.9 1 0.9
1 0.92 1 0.9
1 0.9 1 0.9
1 0.9 1 0.88
1 0.9 1 0.88
1 0.9 1 0.88
1 0.92 1 0.9
1 0.9 1 0.9
1 0.92 1 0.92
1 0.92 1 0.92
1 0.92 1 0.92
1 0.88 1 0.86
1 0.88 1 0.86
1 0.9 1 0.88
1 0.9 1 0.9
1 0.9 1 0.88
1 0.88 1 0.88
1 0.88 1 0.86
1 0.9 1 0.88
1 0.92 1 0.9
1 0.88 1 0.88
1 0.92 1 0.92
1 0.88 1 0.88
1 0.9 1 0.9
1 0.92 1 0.92
1 0.9 1 0.9
1 0.92 1 0.92
1 0.9 1 0.9
1 0.92 1 0.92
1 0.92 1 0.92
1 0.92 1 0.9
1 0.94 1 0.94
1 0.92 1 0.92
1 0.92 1 0.9
1 0.88 1 0.88
1 0.92 1 0.92
1 0.9 1 0.9
1 0.9 1 0.88
1 0.9 1 0.88
1 0.92 1 0.92
1 0.9 1 0.88
1 0.9 1 0.9
1 0.92 1 0.92
1 0.92 1 0.9
1 0.92 1 0.92
1 0.92 1 0.92
1 0.92 1 0.9
1 0.92 1 0.92
1 0.9 1 0.9
1 0.9 1 0.88
1 0.92 1 0.92
1 0.9 1 0.88
1 0.92 1 0.92
1 0.92 1 0.92
1 0.9 1 0.9
1 0.9 1 0.88
1 1 1 0.88
1 0.9 1 0.9
1 0.92 1 0.92
1 0.92 1 0.92
1 0.9 1 0.9
1 0.92 1 0.92
1 0.92 1 0.92
1 0.92 1 0.92
1 0.92 1 0.9
1 0.88 1 0.88
1 0.9 1 0.9
1 0.9 1 0.88
1 0.94 1 0.92
1 0.88 1 0.88
1 0.9 1 0.9
1 0.9 1 0.88
1 0.92 1 0.92
1 0.88 1 0.88
1 0.92 1 0.9
1 0.92 1 0.92
1 0.92 1 0.9
1 0.92 1 0.92
1 0.9 1 0.88
1 0.92 1 0.92
1 0.92 1 0.92
1 0.92 1 0.92
1 0.9 1 0.9
1 0.9 1 0.9
1 0.88 1 0.88
1 0.92 1 0.92
1 0.9 1 0.9
1 0.92 1 0.92
1 0.9 1 0.9
1 0.92 1 0.92
1 0.9 1 0.9
1 0.92 1 0.92
1 0.9 1 0.88
1 0.9 1 0.9
1 0.92 1 0.9
1 0.92 1 0.92
1 0.9 1 0.9
1 0.9 1 0.88
1 0.92 1 0.92
1 0.92 1 0.9
1 0.9 1 0.9
1 0.92 1 0.92
1 0.92 1 0.9
1 0.9 1 0.9
1 0.9 1 0.88
1 0.9 1 0.88
1 0.9 1 0.88
1 0.88 1 0.88
1 0.9 1 0.9
1 0.9 1 0.9
1 0.9 1 0.9
1 0.92 1 0.92
1 0.94 1 0.92
1 0.92 1 0.92
1 0.88 1 0.88
1 0.9 1 0.88
1 0.92 1 0.9
1 0.92 1 0.92
1 0.9 1 0.9
1 0.9 1 0.88
1 0.9 1 0.88
1 0.92 1 0.92
1 0.92 1 0.92
1 0.92 1 0.92
1 0.88 1 0.88
1 0.92 1 0.92
1 0.92 1 0.9
1 0.9 1 0.9
1 0.92 1 0.92
1 0.76 1 0.82
1 0.92 1 0.92
1 0.9 1 0.9
1 0.9 1 0.9
1 0.92 1 0.92
1 0.92 1 0.92
1 0.92 1 0.92
1 0.9 1 0.88
1 0.92 1 0.92
0.86 0.88 0.9 0.92
1 0.9 1 0.9
1 0.9 1 0.9
1 0.9 1 0.9
1 0.9 1 0.88
1 0.9 1 0.9
1 0.9 1 0.9
1 0.9 1 0.9
1 0.92 1 0.92
1 0.92 1 0.92
1 0.9 1 0.9
1 0.9 1 0.9
1 0.9 1 0.9
1 0.9 1 0.9
1 0.94 1 0.92
1 0.9 1 0.9
1 0.94 1 0.94
1 0.88 1 0.88
1 0.92 1 0.9
1 0.92 1 0.92
1 0.92 1 0.9
1 0.9 1 0.9
1 0.92 1 0.9
1 0.92 1 0.92
1 0.9 1 0.88
1 0.88 1 0.88
1 0.9 1 0.9
1 0.9 1 0.88
1 0.9 1 0.9
1 0.9 1 0.88
1 0.92 1 0.92
1 0.92 1 0.92
1 0.94 1 0.92
1 0.88 1 0.88
1 0.9 1 0.9
1 0.92 1 0.92
1 0.9 1 0.88
1 0.9 1 0.9
1 0.9 1 0.88
1 0.9 1 0.9
1 0.92 1 0.9
1 0.9 1 0.9
1 0.9 1 0.88
1 0.9 1 0.9
1 0.9 1 0.9
1 0.9 1 0.9
1 0.9 1 0.9
1 0.92 1 0.92
1 0.9 1 0.9
1 0.92 1 0.9
1 0.92 1 0.9
1 0.92 1 0.9
1 0.92 1 0.9
1 0.92 1 0.9
1 0.92 1 0.92
1 0.94 1 0.92
1 0.9 1 0.88
1 0.9 1 0.9
1 0.9 1 0.9
1 0.92 1 0.9
1 0.9 1 0.88
1 0.92 1 0.92
1 0.92 1 0.92
1 0.9 1 0.9
1 0.92 1 0.9
1 0.94 1 0.92
1 0.92 1 0.92
1 0.94 1 0.94
1 0.9 1 0.9
1 0.92 1 0.92
1 0.9 1 0.9
1 0.92 1 0.92
1 0.9 1 0.9
1 0.92 1 0.92
1 0.88 1 0.88
1 0.9 1 0.88
1 0.94 1 0.92
1 0.88 1 0.88
1 0.92 1 0.92
1 0.92 1 0.92
1 0.88 1 0.86
1 0.9 1 0.9
1 0.9 1 0.9
1 0.92 1 0.92
1 0.92 1 0.9
1 0.9 1 0.88
1 0.92 1 0.92
1 0.9 1 0.9
1 0.92 1 0.9
1 0.92 1 0.9
1 0.72 1 0.88
1 0.9 1 0.9
1 0.9 1 0.9
1 0.9 1 0.9
1 0.92 1 0.9
1 0.9 1 0.9
1 0.88 1 0.86
1 0.92 1 0.9
1 0.92 1 0.92
1 0.88 1 0.88
1 0.92 1 0.9
1 0.94 1 0.94
1 0.94 1 0.92
1 0.9 1 0.9
1 0.9 1 0.88
1 0.9 1 0.88
1 0.92 1 0.92
1 0.92 1 0.92
1 0.9 1 0.9
1 0.92 1 0.9
1 0.94 1 0.94
1 0.92 1 0.92
1 0.94 1 0.94
1 0.9 1 0.9
1 0.92 1 0.92
1 0.92 1 0.9
1 0.9 1 0.88
1 0.92 1 0.9
1 0.94 1 0.92
1 0.88 1 0.88
1 0.92 1 0.9
1 0.92 1 0.92
1 0.9 1 0.9
1 0.92 1 0.92
1 0.92 1 0.92
1 0.94 1 0.94
1 0.9 1 0.88
1 0.92 1 0.92
1 0.92 1 0.9
1 0.9 1 0.88
1 0.9 1 0.9
1 0.92 1 0.92
1 0.92 1 0.92
1 0.92 1 0.92
1 0.92 1 0.92
1 0.92 1 0.92
1 0.92 1 0.9
1 0.92 1 0.92
1 0.92 1 0.92
1 0.92 1 0.92
1 0.92 1 0.9
1 0.9 1 0.88
1 0.94 1 0.94
1 0.9 1 0.9
1 0.92 1 0.92
1 0.9 1 0.9
1 0.9 1 0.88
1 0.92 1 0.92
1 0.9 1 0.9
1 0.9 1 0.9
1 0.92 1 0.92
1 0.9 1 0.88
1 0.9 1 0.9
1 0.9 1 0.9
1 0.9 1 0.9
1 0.9 1 0.88
1 0.92 1 0.9
1 0.76 1 0.86
1 0.78 1 0.86
1 0.92 1 0.9
1 0.92 1 0.9
1 0.92 1 0.92
1 0.9 1 0.9
1 0.9 1 0.9
1 0.92 1 0.9
1 0.94 1 0.94
1 0.9 1 0.88
1 0.92 1 0.92
1 0.9 1 0.88
1 0.9 1 0.9
1 0.9 1 0.88
1 0.9 1 0.9
1 0.92 1 0.92
1 0.92 1 0.92
1 0.9 1 0.9
1 0.92 1 0.92
1 0.9 1 0.9
1 0.9 1 0.88
1 0.9 1 0.9
1 0.88 1 0.88
1 0.92 1 0.9
1 0.9 1 0.9
1 0.94 1 0.94
1 0.88 1 0.86
1 0.9 1 0.9
1 0.88 1 0.86
1 0.92 1 0.9
1 0.92 1 0.92
1 0.92 1 0.9
1 0.9 1 0.9
1 0.9 1 0.9
1 0.9 1 0.88
1 0.88 1 0.86
1 0.92 1 0.9
1 0.9 1 0.9
1 0.94 1 0.94
1 0.92 1 0.92
1 0.94 1 0.94
1 0.92 1 0.92
1 0.9 1 0.9
1 0.92 1 0.92
1 0.94 1 0.92
1 0.9 1 0.9
1 0.92 1 0.92
0.78 0.8 0.8 0.84
1 0.9 1 0.9
1 0.94 1 0.94
1 0.92 1 0.9
1 0.9 1 0.88
1 0.9 1 0.9
1 0.92 1 0.9
1 0.92 1 0.92
1 0.92 1 0.92
1 0.92 1 0.92
1 0.92 1 0.9
1 0.92 1 0.9
1 0.94 1 0.92
1 0.92 1 0.92
1 0.9 1 0.9
1 0.92 1 0.9
1 0.92 1 0.9
1 0.92 1 0.9
1 0.9 1 0.88
1 0.9 1 0.88
1 0.9 1 0.88
1 0.88 1 0.88
1 0.9 1 0.9
1 0.9 1 0.9
1 0.9 1 0.9
1 0.92 1 0.9
1 0.92 1 0.9
1 0.92 1 0.9
1 0.9 1 0.9
1 0.92 1 0.92
1 0.92 1 0.92
1 0.88 1 0.86
1 0.88 1 0.88
1 0.9 1 0.9
1 0.92 1 0.9
1 0.9 1 0.88
1 0.92 1 0.92
1 0.92 1 0.9
1 0.92 1 0.92
1 0.9 1 0.9
1 0.94 1 0.92
1 0.92 1 0.92
1 0.9 1 0.9
1 0.94 1 0.94
1 0.9 1 0.9
1 0.9 1 0.9
1 0.9 1 0.9
1 0.92 1 0.92
1 0.9 1 0.88
1 0.9 1 0.9
1 0.92 1 0.92
1 0.92 1 0.92
1 0.92 1 0.92
1 0.9 1 0.9
1 0.92 1 0.92
1 0.9 1 0.9
1 0.92 1 0.9
1 0.9 1 0.9
1 0.9 1 0.9
1 0.88 1 0.88
1 0.9 1 0.9
1 0.9 1 0.9
1 0.92 1 0.9
1 0.92 1 0.92
1 0.9 1 0.9
1 0.9 1 0.9
1 0.92 1 0.9
1 0.86 1 0.86
1 0.9 1 0.9
1 0.9 1 0.9
1 0.9 1 0.9
1 0.92 1 0.92
1 0.92 1 0.92
1 0.9 1 0.9
1 0.92 1 0.92
1 0.92 1 0.92
1 0.9 1 0.88
1 0.9 1 0.9
1 0.92 1 0.9
1 0.88 1 0.88
1 0.9 1 0.9
1 0.9 1 0.88
1 0.92 1 0.92
1 0.9 1 0.9
1 0.9 1 0.9
1 0.9 1 0.9
1 0.92 1 0.92
1 0.9 1 0.9
1 0.92 1 0.92
1 0.94 1 0.94
1 0.92 1 0.92
1 0.9 1 0.9
1 0.88 1 0.88
1 0.92 1 0.92
1 0.9 1 0.9
1 0.9 1 0.9
1 0.92 1 0.92
1 0.9 1 0.88
1 0.88 1 0.86
1 0.92 1 0.9
1 0.92 1 0.92
1 0.92 1 0.92
1 0.92 1 0.92
1 0.92 1 0.9
1 0.94 1 0.94
1 0.92 1 0.92
1 0.9 1 0.9
1 0.9 1 0.88
1 0.9 1 0.88
1 0.9 1 0.9
1 0.92 1 0.9
1 0.9 1 0.88
1 0.9 1 0.9
1 0.9 1 0.9
1 0.92 1 0.9
1 0.92 1 0.92
1 0.9 1 0.9
1 0.92 1 0.92
1 0.92 1 0.92
1 0.9 1 0.9
1 0.9 1 0.88
1 0.92 1 0.92
1 0.9 1 0.9
1 0.9 1 0.9
1 0.92 1 0.9
1 0.9 1 0.88
1 0.9 1 0.9
1 0.94 1 0.92
1 0.92 1 0.9
1 0.9 1 0.9
1 0.9 1 0.9
1 0.92 1 0.92
1 0.92 1 0.9
1 0.9 1 0.9
1 0.92 1 0.9
1 0.92 1 0.9
1 0.92 1 0.92
1 0.92 1 0.9
1 0.92 1 0.9
1 0.9 1 0.88
1 0.92 1 0.9
1 0.88 1 0.88
1 0.92 1 0.92
1 0.88 1 0.88
1 0.9 1 0.9
1 0.92 1 0.92
1 0.88 1 0.88
1 0.9 1 0.9
1 0.9 1 0.9
1 0.94 1 0.94
1 0.88 1 0.88
1 0.9 1 0.9
1 0.9 1 0.9
1 0.92 1 0.9
1 0.9 1 0.9
1 0.88 1 0.88
1 0.9 1 0.9
1 0.88 1 0.86
1 0.9 1 0.9
1 0.92 1 0.92
1 0.9 1 0.9
1 0.94 1 0.92
1 0.92 1 0.92
1 0.9 1 0.88
1 0.9 1 0.9
1 0.92 1 0.92
1 0.9 1 0.9
1 0.94 1 0.94
1 0.92 1 0.9
1 0.92 1 0.9
1 0.9 1 0.9
1 0.9 1 0.9
1 0.92 1 0.92
1 0.9 1 0.88
1 0.92 1 0.92
1 0.9 1 0.9
1 0.92 1 0.9
1 0.9 1 0.88
1 0.92 1 0.92
1 0.88 1 0.88
1 0.9 1 0.9
1 0.9 1 0.9
1 0.9 1 0.9
1 0.92 1 0.92
1 0.92 1 0.9
1 0.9 1 0.9
1 0.92 1 0.9
1 0.9 1 0.9
1 0.9 1 0.9
1 0.92 1 0.92
1 0.92 1 0.92
1 0.92 1 0.92
1 0.9 1 0.9
1 0.9 1 0.9
1 0.92 1 0.9
1 0.92 1 0.92
1 0.92 1 0.92
1 0.92 1 0.9
1 0.92 1 0.92
1 0.92 1 0.92
1 0.92 1 0.92
1 0.9 1 0.88
1 0.9 1 0.9
1 0.9 1 0.9
1 0.9 1 0.9
1 0.88 1 0.88
1 0.92 1 0.9
1 0.9 1 0.9
1 0.92 1 0.92
1 0.9 1 0.9
1 0.88 1 0.88
1 0.9 1 0.9
1 0.92 1 0.92
1 0.9 1 0.9
1 0.9 1 0.88
1 0.9 1 0.9
1 0.92 1 0.9
1 0.86 1 0.84
1 0.9 1 0.88
1 0.9 1 0.88
1 0.9 1 0.9
1 0.88 1 0.88
1 0.92 1 0.92
1 0.92 1 0.9
1 0.9 1 0.9
1 0.9 1 0.9
1 0.9 1 0.9
1 0.9 1 0.9
1 0.92 1 0.92
1 0.92 1 0.92
1 0.9 1 0.9
1 0.92 1 0.92
1 0.92 1 0.9
1 0.92 1 0.9
1 0.92 1 0.92
1 0.94 1 0.92
1 0.9 1 0.9
1 0.9 1 0.88
1 0.9 1 0.9
1 0.92 1 0.9
1 0.92 1 0.9
1 0.9 1 0.9
1 0.9 1 0.9
1 0.92 1 0.92
1 0.94 1 0.94
1 0.88 1 0.88
1 0.9 1 0.9
1 0.92 1 0.92
1 0.88 1 0.86
1 0.92 1 0.92
1 0.92 1 0.92
1 0.9 1 0.9
1 0.88 1 0.88
1 1 1 0.9
1 0.92 1 0.92
1 0.9 1 0.9
1 0.92 1 0.9
1 0.94 1 0.92
1 0.92 1 0.92
1 0.94 1 0.92
1 0.92 1 0.9
1 0.92 1 0.92
1 1 1 0.86
1 0.92 1 0.92
1 0.92 1 0.9
1 0.92 1 0.9
1 0.92 1 0.9
1 0.92 1 0.9
1 0.92 1 0.92
1 0.9 1 0.88
1 0.9 1 0.88
1 0.9 1 0.88
1 0.92 1 0.92
1 0.94 1 0.92
1 0.88 1 0.88
1 0.92 1 0.92
1 0.88 1 0.88
1 0.9 1 0.9
1 0.92 1 0.9
1 0.9 1 0.9
1 0.92 1 0.92
1 0.9 1 0.9
1 0.9 1 0.88
1 0.92 1 0.92
1 0.92 1 0.92
1 0.9 1 0.9
1 0.9 1 0.9
1 0.88 1 0.88
1 0.9 1 0.9
1 0.92 1 0.92
1 0.9 1 0.88
1 0.9 1 0.9
1 0.92 1 0.92
1 0.9 1 0.9
1 0.88 1 0.88
1 0.92 1 0.92
1 0.9 1 0.9
1 0.9 1 0.88
1 0.92 1 0.92
1 0.92 1 0.92
1 0.92 1 0.92
1 0.9 1 0.88
1 0.94 1 0.94
1 0.92 1 0.9
1 0.9 1 0.88
1 0.94 1 0.94
1 0.9 1 0.9
1 0.92 1 0.92
1 0.94 1 0.92
1 0.88 1 0.88
1 0.92 1 0.92
1 0.94 1 0.92
1 0.92 1 0.9
1 0.94 1 0.94
1 0.9 1 0.88
1 0.9 1 0.9
1 0.9 1 0.9
1 0.92 1 0.92
1 0.92 1 0.92
1 0.88 1 0.88
1 0.92 1 0.92
1 0.92 1 0.92
1 0.9 1 0.9
1 0.9 1 0.9
1 0.9 1 0.9
1 0.9 1 0.9
1 0.9 1 0.9
1 0.88 1 0.86
1 0.92 1 0.9
1 0.92 1 0.92
1 0.92 1 0.92
1 0.92 1 0.9
1 0.9 1 0.88
1 0.9 1 0.9
1 0.9 1 0.9
1 0.92 1 0.9
1 0.92 1 0.92
1 0.92 1 0.92
1 0.92 1 0.92
1 0.9 1 0.9
1 0.9 1 0.9
1 0.92 1 0.92
1 0.92 1 0.9
1 0.92 1 0.92
1 0.92 1 0.92
1 0.92 1 0.92
1 0.92 1 0.9
1 0.92 1 0.9
1 0.88 1 0.88
1 0.9 1 0.9
1 0.9 1 0.9
1 0.92 1 0.92
1 0.94 1 0.94
1 0.92 1 0.9
1 0.92 1 0.9
1 0.92 1 0.92
1 0.92 1 0.92
1 0.9 1 0.9
1 0.9 1 0.9
1 0.92 1 0.92
1 0.88 1 0.88
1 0.94 1 0.92
1 0.9 1 0.88
1 0.92 1 0.92
1 0.92 1 0.92
1 0.92 1 0.92
1 0.92 1 0.9
1 0.94 1 0.92
1 0.92 1 0.92
1 0.9 1 0.9
1 0.92 1 0.9
1 0.9 1 0.9
1 0.9 1 0.88
1 0.9 1 0.88
1 0.9 1 0.88
1 0.92 1 0.92
1 0.92 1 0.92
1 0.78 1 0.88
1 0.92 1 0.92
1 0.92 1 0.92
1 0.88 1 0.88
1 0.94 1 0.92
1 0.9 1 0.9
1 0.92 1 0.92
1 0.92 1 0.92
1 0.9 1 0.88
1 0.94 1 0.92
1 0.92 1 0.92
1 0.9 1 0.9
1 0.92 1 0.9
1 0.92 1 0.9
1 0.9 1 0.9
1 0.92 1 0.92
1 0.9 1 0.9
1 0.94 1 0.92
1 0.9 1 0.9
1 0.92 1 0.9
1 0.92 1 0.92
1 0.92 1 0.9
1 0.92 1 0.92
1 0.92 1 0.9
1 0.92 1 0.92
1 0.92 1 0.92
1 0.92 1 0.92
1 0.9 1 0.88
1 0.92 1 0.92
1 0.92 1 0.92
1 0.9 1 0.88
1 0.9 1 0.9
1 0.9 1 0.9
1 0.92 1 0.92
1 0.88 1 0.88
1 0.9 1 0.9
1 0.9 1 0.9
1 0.9 1 0.9
1 0.9 1 0.9
1 0.9 1 0.9
1 0.92 1 0.9
0.86 0.86 0.86 0.86
1 0.92 1 0.9
1 0.9 1 0.9
1 0.9 1 0.9
1 0.9 1 0.9
1 0.92 1 0.92
1 0.9 1 0.88
1 0.92 1 0.92
1 0.92 1 0.92
1 0.9 1 0.9
1 0.92 1 0.9
1 0.92 1 0.92
1 0.9 1 0.9
1 0.94 1 0.94
1 0.92 1 0.92
1 0.92 1 0.92
1 0.92 1 0.92
1 0.92 1 0.9
1 0.94 1 0.92
1 0.9 1 0.9
1 0.92 1 0.9
1 0.9 1 0.9
1 0.92 1 0.92
1 0.9 1 0.9
1 0.92 1 0.92
1 0.88 1 0.88
1 0.92 1 0.92
1 0.9 1 0.88
1 0.9 1 0.88
1 0.88 1 0.88
1 0.9 1 0.9
1 0.92 1 0.9
1 0.9 1 0.9
1 0.9 1 0.9
1 0.92 1 0.9
1 0.9 1 0.9
1 0.88 1 0.88
1 0.92 1 0.92
1 0.92 1 0.9
1 0.92 1 0.92
1 0.9 1 0.9
1 0.92 1 0.9
1 0.9 1 0.9
1 0.9 1 0.88
1 0.88 1 0.88
1 0.9 1 0.9
1 0.9 1 0.88
1 0.88 1 0.88
1 0.9 1 0.88
1 0.9 1 0.88
1 0.92 1 0.9
1 0.94 1 0.94
1 0.9 1 0.9
1 0.9 1 0.88
1 0.92 1 0.9
1 0.94 1 0.94
1 0.9 1 0.88
1 0.9 1 0.9
1 0.92 1 0.92
1 0.9 1 0.9
1 0.92 1 0.9
1 0.92 1 0.92
1 0.92 1 0.92
1 0.9 1 0.9
1 0.92 1 0.9
1 0.9 1 0.9
1 0.88 1 0.88
1 0.9 1 0.9
1 0.92 1 0.92
1 0.92 1 0.9
1 0.9 1 0.9
1 0.92 1 0.92
1 0.94 1 0.94
1 0.92 1 0.9
1 0.9 1 0.9
1 0.86 1 0.86
1 0.92 1 0.92
1 0.92 1 0.92
1 0.92 1 0.9
1 0.88 1 0.88
1 0.9 1 0.9
1 0.92 1 0.92
1 0.9 1 0.9
1 0.92 1 0.92
1 0.92 1 0.92
1 0.88 1 0.88
1 0.9 1 0.88
1 0.9 1 0.9
1 0.9 1 0.9
1 0.9 1 0.9
1 0.9 1 0.9
1 0.9 1 0.9
1 0.92 1 0.9
1 0.9 1 0.9
1 0.92 1 0.9
1 0.94 1 0.92
1 0.92 1 0.92
1 0.9 1 0.9
1 0.92 1 0.92
1 0.9 1 0.9
1 0.92 1 0.92
1 0.92 1 0.92
1 0.92 1 0.92
1 0.88 1 0.88
1 0.92 1 0.92
1 0.9 1 0.9
1 0.92 1 0.9
1 0.92 1 0.92
1 0.92 1 0.9
1 0.9 1 0.9
1 0.92 1 0.92
1 0.92 1 0.92
1 0.92 1 0.92
1 0.92 1 0.9
1 0.9 1 0.9
1 0.88 1 0.88
1 0.94 1 0.92
1 0.92 1 0.92
1 0.9 1 0.88
1 0.9 1 0.9
1 0.92 1 0.92
1 0.9 1 0.9
1 0.9 1 0.9
1 0.92 1 0.92
1 0.9 1 0.9
1 0.92 1 0.92
1 0.88 1 0.88
1 0.9 1 0.9
1 0.92 1 0.9
1 0.9 1 0.9
1 0.9 1 0.88
1 0.9 1 0.9
1 0.88 1 0.86
1 0.9 1 0.9
1 0.92 1 0.9
1 0.92 1 0.92
1 0.9 1 0.9
1 0.92 1 0.92
1 0.88 1 0.88
1 0.9 1 0.88
1 0.9 1 0.9
1 0.92 1 0.92
1 0.9 1 0.88
1 0.9 1 0.9
1 0.9 1 0.88
1 0.9 1 0.9
1 0.9 1 0.9
1 0.9 1 0.9
1 0.92 1 0.92
1 0.94 1 0.94
1 0.92 1 0.9
1 0.92 1 0.92
1 0.9 1 0.9
1 0.92 1 0.92
1 0.9 1 0.9
1 0.92 1 0.92
1 0.9 1 0.88
1 0.92 1 0.9
1 0.92 1 0.9
1 0.92 1 0.9
1 0.88 1 0.86
1 0.92 1 0.92
1 0.94 1 0.92
1 0.94 1 0.94
1 0.9 1 0.88
1 0.9 1 0.9
1 0.92 1 0.92
1 0.9 1 0.9
1 0.92 1 0.92
1 0.92 1 0.9
1 0.92 1 0.92
1 0.92 1 0.92
1 0.88 1 0.86
1 0.9 1 0.88
1 0.92 1 0.92
1 0.88 1 0.86
1 0.9 1 0.9
1 0.9 1 0.9
1 0.92 1 0.92
1 0.92 1 0.92
1 0.92 1 0.92
1 0.92 1 0.92
1 0.9 1 0.88
1 0.9 1 0.9
1 0.94 1 0.94
1 0.92 1 0.9
1 0.92 1 0.92
1 0.92 1 0.92
1 0.92 1 0.9
1 0.94 1 0.94
1 0.92 1 0.9
1 0.88 1 0.88
1 0.92 1 0.9
1 0.9 1 0.88
1 0.9 1 0.9
1 0.92 1 0.92
1 0.94 1 0.94
1 0.9 1 0.88
1 0.92 1 0.92
1 0.9 1 0.9
1 0.9 1 0.9
1 0.92 1 0.92
1 0.86 1 0.84
1 0.9 1 0.88
1 0.92 1 0.92
1 0.92 1 0.92
1 0.88 1 0.88
1 0.9 1 0.88
1 0.9 1 0.9
1 0.9 1 0.88
1 0.9 1 0.9
1 0.9 1 0.9
1 0.92 1 0.92
1 0.94 1 0.92
1 0.92 1 0.92
1 0.92 1 0.92
1 0.92 1 0.92
1 0.92 1 0.9
1 0.92 1 0.92
1 0.94 1 0.94
1 0.92 1 0.9
1 0.9 1 0.9
1 0.92 1 0.92
1 0.9 1 0.88
1 0.92 1 0.92
1 0.92 1 0.92
1 0.92 1 0.92
1 0.92 1 0.92
1 0.92 1 0.92
1 0.92 1 0.9
1 0.92 1 0.92
1 0.9 1 0.9
1 0.88 1 0.88
1 0.92 1 0.9
1 0.9 1 0.9
1 0.92 1 0.92
1 0.9 1 0.9
1 0.92 1 0.9
